# oST version 5.0 parameters

intrinsic:
[image]

width
640

height
480

[narrow_stereo/left]

camera matrix
522.731193 0.000000 321.588485
0.000000 522.904090 240.146769
0.000000 0.000000 1.000000

distortion
0.160074 -0.293541 -0.007076 -0.000493 0.000000

rectification
1.000000 0.000000 0.000000
0.000000 1.000000 0.000000
0.000000 0.000000 1.000000

projection
532.608276 0.000000 320.861355 0.000000
0.000000 533.330872 237.127640 0.000000
0.000000 0.000000 1.000000 0.000000


Wrote calibration data to /tmp/calibrationdata.tar.gz
Wrote calibration data to /tmp/calibrationdata.tar.gz
Wrote calibration data to /tmp/calibrationdata.tar.gz
D =  [0.16007440528756708, -0.29354073896107674, -0.007076456887927997, -0.000492573076887004, 0.0]
K =  [522.7311930891357, 0.0, 321.5884849672966, 0.0, 522.904089538781, 240.14676945507998, 0.0, 0.0, 1.0]
R =  [1.0, 0.0, 0.0, 0.0, 1.0, 0.0, 0.0, 0.0, 1.0]
P =  [532.6082763671875, 0.0, 320.8613551984454, 0.0, 0.0, 533.3308715820312, 237.12764005367717, 0.0, 0.0, 0.0, 1.0, 0.0]
# oST version 5.0 parameters


[image]

width
640

height
480

[narrow_stereo/left]

camera matrix
522.731193 0.000000 321.588485
0.000000 522.904090 240.146769
0.000000 0.000000 1.000000

distortion
0.160074 -0.293541 -0.007076 -0.000493 0.000000

rectification
1.000000 0.000000 0.000000
0.000000 1.000000 0.000000
0.000000 0.000000 1.000000

projection
532.608276 0.000000 320.861355 0.000000
0.000000 533.330872 237.127640 0.000000
0.000000 0.000000 1.000000 0.000000


yaseminb@pr2-c1:~$ 

