# oST version 5.0 parameters


[image]

width
640

height
480

[narrow_stereo/left]

camera matrix
584.138603 0.000000 312.123511
0.000000 583.559339 241.829085
0.000000 0.000000 1.000000

distortion
-0.087027 0.195126 -0.004611 -0.001483 0.000000

rectification
1.000000 0.000000 0.000000
0.000000 1.000000 0.000000
0.000000 0.000000 1.000000

projection
586.419556 0.000000 311.184073 0.000000
0.000000 583.564758 239.254418 0.000000
0.000000 0.000000 1.000000 0.000000


# oST version 5.0 parameters


[image]

width
640

height
480

[narrow_stereo/left]

camera matrix
584.138603 0.000000 312.123511
0.000000 583.559339 241.829085
0.000000 0.000000 1.000000

distortion
-0.087027 0.195126 -0.004611 -0.001483 0.000000

rectification
1.000000 0.000000 0.000000
0.000000 1.000000 0.000000
0.000000 0.000000 1.000000

projection
586.419556 0.000000 311.184073 0.000000
0.000000 583.564758 239.254418 0.000000
0.000000 0.000000 1.000000 0.000000


Wrote calibration data to /tmp/calibrationdata.tar.gz
Wrote calibration data to /tmp/calibrationdata.tar.gz
D =  [-0.08702745073799478, 0.19512636491876217, -0.00461106012219152, -0.0014831503165451756, 0.0]
K =  [584.1386028165672, 0.0, 312.1235107342609, 0.0, 583.55933921, 241.82908540766562, 0.0, 0.0, 1.0]
R =  [1.0, 0.0, 0.0, 0.0, 1.0, 0.0, 0.0, 0.0, 1.0]
P =  [586.4195556640625, 0.0, 311.1840730336917, 0.0, 0.0, 583.5647583007812, 239.2544182664551, 0.0, 0.0, 0.0, 1.0, 0.0]
# oST version 5.0 parameters


[image]

width
640

height
480

[narrow_stereo/left]

camera matrix
584.138603 0.000000 312.123511
0.000000 583.559339 241.829085
0.000000 0.000000 1.000000

distortion
-0.087027 0.195126 -0.004611 -0.001483 0.000000

rectification
1.000000 0.000000 0.000000
0.000000 1.000000 0.000000
0.000000 0.000000 1.000000

projection
586.419556 0.000000 311.184073 0.000000
0.000000 583.564758 239.254418 0.000000
0.000000 0.000000 1.000000 0.000000


yaseminb@pr2-c1:~$ 
